path,normalized_path,metric_id,score,passed,gold_value,extracted_value,reason,reasoning
$.properties.items,items,array_llm,0.800000,true,,,,Each gold record was compared to every predicted record. The best alignment pairs the first gold item with the first predicted item and the second gold item with the second predicted item. For each pa...
